10_train_qc
Train time: 130.19531297683716
[[12047   446     0     0     0     0     0     0     0     0]
 [  878  9721     0     0     0     0     0     0     0     0]
 [   11  1195     0     0     0     0     0     0     0     0]
 [    8   505     0     0     0     0     0     0     0     0]
 [   89     4     0     0     0     0     0     0     0     0]
 [   47     7     0     0     0     0     0     0     0     0]
 [    0    36     0     0     0     0     0     0     0     0]
 [    0     6     0     0     0     0     0     0     0     0]
 [    3     2     0     0     0     0     0     0     0     0]
 [    5     0     0     0     0     0     0     0     0     0]]
F1 score: 0.8363347298030499
Accuracy: 0.8703718512594962
