20_train_qc
Train time: 152.38894891738892
[[12493     0     0     0     0     0     0     0     0     0]
 [    0 10599     0     0     0     0     0     0     0     0]
 [    0  1206     0     0     0     0     0     0     0     0]
 [    2   511     0     0     0     0     0     0     0     0]
 [   93     0     0     0     0     0     0     0     0     0]
 [   54     0     0     0     0     0     0     0     0     0]
 [    0    36     0     0     0     0     0     0     0     0]
 [    0     6     0     0     0     0     0     0     0     0]
 [    5     0     0     0     0     0     0     0     0     0]
 [    5     0     0     0     0     0     0     0     0     0]]
F1 score: 0.8876805806543676
Accuracy: 0.9233106757297082
