20_train_qd10
Train time: 245.82503032684326
[[12493     0     0     0     0     0     0     0     0     0]
 [    0 10599     0     0     0     0     0     0     0     0]
 [    6  1200     0     0     0     0     0     0     0     0]
 [    7   506     0     0     0     0     0     0     0     0]
 [   88     5     0     0     0     0     0     0     0     0]
 [   54     0     0     0     0     0     0     0     0     0]
 [    0    36     0     0     0     0     0     0     0     0]
 [    0     6     0     0     0     0     0     0     0     0]
 [    5     0     0     0     0     0     0     0     0     0]
 [    5     0     0     0     0     0     0     0     0     0]]
F1 score: 0.8876644702528157
Accuracy: 0.9233106757297082
