25_train_qd10
Train time: 233.24788808822632
[[12493     0     0     0     0     0     0     0     0     0]
 [    0 10599     0     0     0     0     0     0     0     0]
 [    0  1206     0     0     0     0     0     0     0     0]
 [   10   503     0     0     0     0     0     0     0     0]
 [   85     8     0     0     0     0     0     0     0     0]
 [   52     2     0     0     0     0     0     0     0     0]
 [    0    36     0     0     0     0     0     0     0     0]
 [    0     6     0     0     0     0     0     0     0     0]
 [    4     1     0     0     0     0     0     0     0     0]
 [    3     2     0     0     0     0     0     0     0     0]]
F1 score: 0.8876940900044644
Accuracy: 0.9233106757297082
