25_train_qc
Train time: 169.01813387870789
[[12493     0     0     0     0     0     0     0     0     0]
 [    0 10599     0     0     0     0     0     0     0     0]
 [    0  1206     0     0     0     0     0     0     0     0]
 [    4   509     0     0     0     0     0     0     0     0]
 [   92     1     0     0     0     0     0     0     0     0]
 [   54     0     0     0     0     0     0     0     0     0]
 [    0    36     0     0     0     0     0     0     0     0]
 [    0     6     0     0     0     0     0     0     0     0]
 [    5     0     0     0     0     0     0     0     0     0]
 [    5     0     0     0     0     0     0     0     0     0]]
F1 score: 0.8876778879496385
Accuracy: 0.9233106757297082
