5_train_qc
Train time: 63.26939368247986
[[9838 2655    0    0    0    0    0    0    0    0]
 [4286 6313    0    0    0    0    0    0    0    0]
 [ 170 1036    0    0    0    0    0    0    0    0]
 [  75  438    0    0    0    0    0    0    0    0]
 [  33   60    0    0    0    0    0    0    0    0]
 [  41   13    0    0    0    0    0    0    0    0]
 [   0   36    0    0    0    0    0    0    0    0]
 [   0    6    0    0    0    0    0    0    0    0]
 [   3    2    0    0    0    0    0    0    0    0]
 [   2    3    0    0    0    0    0    0    0    0]]
F1 score: 0.6176782963317148
Accuracy: 0.64578168732507
5_test_qc
Train time: 63.26939368247986
[[10176  3247     0     0     0     0     0     0]
 [ 4758  6410     0     0     0     0     0     0]
 [  218  1078     0     0     0     0     0     0]
 [  120   465     0     0     0     0     0     0]
 [   35    70     0     0     0     0     0     0]
 [   43    10     0     0     0     0     0     0]
 [    0    35     0     0     0     0     0     0]
 [    0     8     0     0     0     0     0     0]]
F1 score: 0.5946204889204187
Accuracy: 0.621827316012447
10_train_qc
Train time: 142.82634019851685
[[12047   446     0     0     0     0     0     0     0     0]
 [  878  9721     0     0     0     0     0     0     0     0]
 [   11  1195     0     0     0     0     0     0     0     0]
 [    8   505     0     0     0     0     0     0     0     0]
 [   89     4     0     0     0     0     0     0     0     0]
 [   47     7     0     0     0     0     0     0     0     0]
 [    0    36     0     0     0     0     0     0     0     0]
 [    0     6     0     0     0     0     0     0     0     0]
 [    3     2     0     0     0     0     0     0     0     0]
 [    5     0     0     0     0     0     0     0     0     0]]
F1 score: 0.8363347298030499
Accuracy: 0.8703718512594962
10_test_qc
Train time: 142.82634019851685
[[12698   725     0     0     0     0     0     0]
 [ 1185  9983     0     0     0     0     0     0]
 [   12  1284     0     0     0     0     0     0]
 [    2   583     0     0     0     0     0     0]
 [   99     6     0     0     0     0     0     0]
 [   53     0     0     0     0     0     0     0]
 [    0    35     0     0     0     0     0     0]
 [    0     8     0     0     0     0     0     0]]
F1 score: 0.8165831618793541
Accuracy: 0.8503355453079894
15_train_qc
Train time: 161.37205982208252
[[12493     0     0     0     0     0     0     0     0     0]
 [    0 10599     0     0     0     0     0     0     0     0]
 [    9  1197     0     0     0     0     0     0     0     0]
 [    1   512     0     0     0     0     0     0     0     0]
 [   91     2     0     0     0     0     0     0     0     0]
 [   54     0     0     0     0     0     0     0     0     0]
 [    0    36     0     0     0     0     0     0     0     0]
 [    0     6     0     0     0     0     0     0     0     0]
 [    5     0     0     0     0     0     0     0     0     0]
 [    5     0     0     0     0     0     0     0     0     0]]
F1 score: 0.8876644702528157
Accuracy: 0.9233106757297082
15_test_qc
Train time: 161.37205982208252
[[13398    25     0     0     0     0     0     0]
 [   18 11150     0     0     0     0     0     0]
 [   12  1284     0     0     0     0     0     0]
 [    0   585     0     0     0     0     0     0]
 [  105     0     0     0     0     0     0     0]
 [   53     0     0     0     0     0     0     0]
 [    0    35     0     0     0     0     0     0]
 [    0     8     0     0     0     0     0     0]]
F1 score: 0.8842267570002315
Accuracy: 0.9203314212874443
20_train_qc
Train time: 207.40400981903076
[[12493     0     0     0     0     0     0     0     0     0]
 [    0 10599     0     0     0     0     0     0     0     0]
 [    0  1206     0     0     0     0     0     0     0     0]
 [    2   511     0     0     0     0     0     0     0     0]
 [   93     0     0     0     0     0     0     0     0     0]
 [   54     0     0     0     0     0     0     0     0     0]
 [    0    36     0     0     0     0     0     0     0     0]
 [    0     6     0     0     0     0     0     0     0     0]
 [    5     0     0     0     0     0     0     0     0     0]
 [    5     0     0     0     0     0     0     0     0     0]]
F1 score: 0.8876805806543676
Accuracy: 0.9233106757297082
20_test_qc
Train time: 207.40400981903076
[[13423     0     0     0     0     0     0     0]
 [    2 11166     0     0     0     0     0     0]
 [    0  1296     0     0     0     0     0     0]
 [    3   582     0     0     0     0     0     0]
 [  105     0     0     0     0     0     0     0]
 [   53     0     0     0     0     0     0     0]
 [    0    35     0     0     0     0     0     0]
 [    0     8     0     0     0     0     0     0]]
F1 score: 0.8857107760848087
Accuracy: 0.9218685562178982
25_train_qc
Train time: 247.45913672447205
[[12493     0     0     0     0     0     0     0     0     0]
 [    0 10599     0     0     0     0     0     0     0     0]
 [    0  1206     0     0     0     0     0     0     0     0]
 [    4   509     0     0     0     0     0     0     0     0]
 [   92     1     0     0     0     0     0     0     0     0]
 [   54     0     0     0     0     0     0     0     0     0]
 [    0    36     0     0     0     0     0     0     0     0]
 [    0     6     0     0     0     0     0     0     0     0]
 [    5     0     0     0     0     0     0     0     0     0]
 [    5     0     0     0     0     0     0     0     0     0]]
F1 score: 0.8876778879496385
Accuracy: 0.9233106757297082
25_test_qc
Train time: 247.45913672447205
[[13423     0     0     0     0     0     0     0]
 [    5 11163     0     0     0     0     0     0]
 [    0  1296     0     0     0     0     0     0]
 [    1   584     0     0     0     0     0     0]
 [  104     1     0     0     0     0     0     0]
 [   53     0     0     0     0     0     0     0]
 [    0    35     0     0     0     0     0     0]
 [    0     8     0     0     0     0     0     0]]
F1 score: 0.885607201425905
Accuracy: 0.9217560829303041
5_train_qd10
Train time: 33.78889060020447
[[10104  2389     0     0     0     0     0     0     0     0]
 [ 4206  6393     0     0     0     0     0     0     0     0]
 [  134  1072     0     0     0     0     0     0     0     0]
 [   78   435     0     0     0     0     0     0     0     0]
 [   80    13     0     0     0     0     0     0     0     0]
 [   41    13     0     0     0     0     0     0     0     0]
 [    2    34     0     0     0     0     0     0     0     0]
 [    0     6     0     0     0     0     0     0     0     0]
 [    5     0     0     0     0     0     0     0     0     0]
 [    5     0     0     0     0     0     0     0     0     0]]
F1 score: 0.6304192687099837
Accuracy: 0.6596161535385846
5_test_qd10
Train time: 33.78889060020447
[[10552  2871     0     0     0     0     0     0]
 [ 4697  6471     0     0     0     0     0     0]
 [  164  1132     0     0     0     0     0     0]
 [  110   475     0     0     0     0     0     0]
 [   87    18     0     0     0     0     0     0]
 [   47     6     0     0     0     0     0     0]
 [    0    35     0     0     0     0     0     0]
 [    1     7     0     0     0     0     0     0]]
F1 score: 0.609480185929201
Accuracy: 0.6382109249053349
10_train_qd10
Train time: 78.60809779167175
[[11729   764     0     0     0     0     0     0     0     0]
 [ 1130  9469     0     0     0     0     0     0     0     0]
 [   27  1179     0     0     0     0     0     0     0     0]
 [   25   488     0     0     0     0     0     0     0     0]
 [   77    16     0     0     0     0     0     0     0     0]
 [   48     6     0     0     0     0     0     0     0     0]
 [    1    35     0     0     0     0     0     0     0     0]
 [    0     6     0     0     0     0     0     0     0     0]
 [    4     1     0     0     0     0     0     0     0     0]
 [    4     1     0     0     0     0     0     0     0     0]]
F1 score: 0.8145236501008597
Accuracy: 0.8475809676129549
10_test_qd10
Train time: 78.60809779167175
[[12416  1007     0     0     0     0     0     0]
 [ 1543  9625     0     0     0     0     0     0]
 [   24  1272     0     0     0     0     0     0]
 [   33   552     0     0     0     0     0     0]
 [   97     8     0     0     0     0     0     0]
 [   48     5     0     0     0     0     0     0]
 [    0    35     0     0     0     0     0     0]
 [    0     8     0     0     0     0     0     0]]
F1 score: 0.7934064635161784
Accuracy: 0.8263412439545608
15_train_qd10
Train time: 94.91400265693665
[[12369   124     0     0     0     0     0     0     0     0]
 [  137 10462     0     0     0     0     0     0     0     0]
 [    6  1200     0     0     0     0     0     0     0     0]
 [    1   512     0     0     0     0     0     0     0     0]
 [   88     5     0     0     0     0     0     0     0     0]
 [   53     1     0     0     0     0     0     0     0     0]
 [    0    36     0     0     0     0     0     0     0     0]
 [    1     5     0     0     0     0     0     0     0     0]
 [    5     0     0     0     0     0     0     0     0     0]
 [    5     0     0     0     0     0     0     0     0     0]]
F1 score: 0.8776607371384959
Accuracy: 0.912874850059976
15_test_qd10
Train time: 94.91400265693665
[[13070   353     0     0     0     0     0     0]
 [  368 10800     0     0     0     0     0     0]
 [    9  1287     0     0     0     0     0     0]
 [    2   583     0     0     0     0     0     0]
 [  103     2     0     0     0     0     0     0]
 [   53     0     0     0     0     0     0     0]
 [    0    35     0     0     0     0     0     0]
 [    0     8     0     0     0     0     0     0]]
F1 score: 0.8598701090863388
Accuracy: 0.8949124582911558
20_train_qd10
Train time: 78.94123363494873
[[12493     0     0     0     0     0     0     0     0     0]
 [    1 10598     0     0     0     0     0     0     0     0]
 [    5  1201     0     0     0     0     0     0     0     0]
 [    5   508     0     0     0     0     0     0     0     0]
 [   90     3     0     0     0     0     0     0     0     0]
 [   54     0     0     0     0     0     0     0     0     0]
 [    0    36     0     0     0     0     0     0     0     0]
 [    0     6     0     0     0     0     0     0     0     0]
 [    5     0     0     0     0     0     0     0     0     0]
 [    5     0     0     0     0     0     0     0     0     0]]
F1 score: 0.8876275402293915
Accuracy: 0.9232706917233107
20_test_qd10
Train time: 78.94123363494873
[[13394    29     0     0     0     0     0     0]
 [   49 11119     0     0     0     0     0     0]
 [    2  1294     0     0     0     0     0     0]
 [    1   584     0     0     0     0     0     0]
 [  104     1     0     0     0     0     0     0]
 [   53     0     0     0     0     0     0     0]
 [    0    35     0     0     0     0     0     0]
 [    0     8     0     0     0     0     0     0]]
F1 score: 0.8829627110270692
Accuracy: 0.9190192329321786
25_train_qd10
Train time: 86.33908295631409
[[12493     0     0     0     0     0     0     0     0     0]
 [    0 10599     0     0     0     0     0     0     0     0]
 [    0  1206     0     0     0     0     0     0     0     0]
 [   10   503     0     0     0     0     0     0     0     0]
 [   84     9     0     0     0     0     0     0     0     0]
 [   52     2     0     0     0     0     0     0     0     0]
 [    0    36     0     0     0     0     0     0     0     0]
 [    0     6     0     0     0     0     0     0     0     0]
 [    3     2     0     0     0     0     0     0     0     0]
 [    4     1     0     0     0     0     0     0     0     0]]
F1 score: 0.8876968010397277
Accuracy: 0.9233106757297082
25_test_qd10
Train time: 86.33908295631409
[[13380    43     0     0     0     0     0     0]
 [   44 11124     0     0     0     0     0     0]
 [    0  1296     0     0     0     0     0     0]
 [    3   582     0     0     0     0     0     0]
 [  100     5     0     0     0     0     0     0]
 [   53     0     0     0     0     0     0     0]
 [    0    35     0     0     0     0     0     0]
 [    0     8     0     0     0     0     0     0]]
F1 score: 0.8826741505826692
Accuracy: 0.918681813069396
5_train_qd0.1
Train time: 142.7467622756958
[[11855   638     0     0     0     0     0     0     0     0]
 [ 9684   915     0     0     0     0     0     0     0     0]
 [ 1055   151     0     0     0     0     0     0     0     0]
 [  448    65     0     0     0     0     0     0     0     0]
 [   87     6     0     0     0     0     0     0     0     0]
 [   52     2     0     0     0     0     0     0     0     0]
 [   32     4     0     0     0     0     0     0     0     0]
 [    3     3     0     0     0     0     0     0     0     0]
 [    4     1     0     0     0     0     0     0     0     0]
 [    5     0     0     0     0     0     0     0     0     0]]
F1 score: 0.39421105824374414
Accuracy: 0.5105957616953218
5_test_qd0.1
Train time: 142.7467622756958
[[12568   855     0     0     0     0     0     0]
 [10300   868     0     0     0     0     0     0]
 [ 1176   120     0     0     0     0     0     0]
 [  523    62     0     0     0     0     0     0]
 [   98     7     0     0     0     0     0     0]
 [   51     2     0     0     0     0     0     0]
 [   28     7     0     0     0     0     0     0]
 [    6     2     0     0     0     0     0     0]]
F1 score: 0.3868973277591086
Accuracy: 0.5037303640385409
10_train_qd0.1
Train time: 147.59267354011536
[[11625   868     0     0     0     0     0     0     0     0]
 [ 9647   952     0     0     0     0     0     0     0     0]
 [ 1101   105     0     0     0     0     0     0     0     0]
 [  470    43     0     0     0     0     0     0     0     0]
 [   88     5     0     0     0     0     0     0     0     0]
 [   51     3     0     0     0     0     0     0     0     0]
 [   33     3     0     0     0     0     0     0     0     0]
 [    4     2     0     0     0     0     0     0     0     0]
 [    5     0     0     0     0     0     0     0     0     0]
 [    5     0     0     0     0     0     0     0     0     0]]
F1 score: 0.3910891950251553
Accuracy: 0.5028788484606157
10_test_qd0.1
Train time: 147.59267354011536
[[12323  1100     0     0     0     0     0     0]
 [10299   869     0     0     0     0     0     0]
 [ 1199    97     0     0     0     0     0     0]
 [  538    47     0     0     0     0     0     0]
 [   92    13     0     0     0     0     0     0]
 [   49     4     0     0     0     0     0     0]
 [   31     4     0     0     0     0     0     0]
 [    8     0     0     0     0     0     0     0]]
F1 score: 0.3814256989583631
Accuracy: 0.4945825366475462
15_train_qd0.1
Train time: 63.0251567363739
[[11837   656     0     0     0     0     0     0     0     0]
 [ 9905   694     0     0     0     0     0     0     0     0]
 [ 1149    57     0     0     0     0     0     0     0     0]
 [  482    31     0     0     0     0     0     0     0     0]
 [   89     4     0     0     0     0     0     0     0     0]
 [   51     3     0     0     0     0     0     0     0     0]
 [   34     2     0     0     0     0     0     0     0     0]
 [    5     1     0     0     0     0     0     0     0     0]
 [    4     1     0     0     0     0     0     0     0     0]
 [    5     0     0     0     0     0     0     0     0     0]]
F1 score: 0.3768211714526747
Accuracy: 0.5010395841663334
15_test_qd0.1
Train time: 63.0251567363739
[[12580   843     0     0     0     0     0     0]
 [10541   627     0     0     0     0     0     0]
 [ 1233    63     0     0     0     0     0     0]
 [  556    29     0     0     0     0     0     0]
 [   98     7     0     0     0     0     0     0]
 [   51     2     0     0     0     0     0     0]
 [   33     2     0     0     0     0     0     0]
 [    8     0     0     0     0     0     0     0]]
F1 score: 0.36988572357392463
Accuracy: 0.4951449030855172
20_train_qd0.1
Train time: 57.63931059837341
[[11963   530     0     0     0     0     0     0     0     0]
 [10042   557     0     0     0     0     0     0     0     0]
 [ 1158    48     0     0     0     0     0     0     0     0]
 [  492    21     0     0     0     0     0     0     0     0]
 [   89     4     0     0     0     0     0     0     0     0]
 [   51     3     0     0     0     0     0     0     0     0]
 [   35     1     0     0     0     0     0     0     0     0]
 [    5     1     0     0     0     0     0     0     0     0]
 [    5     0     0     0     0     0     0     0     0     0]
 [    4     1     0     0     0     0     0     0     0     0]]
F1 score: 0.3690354457082132
Accuracy: 0.5005997600959616
20_test_qd0.1
Train time: 57.63931059837341
[[12705   718     0     0     0     0     0     0]
 [10673   495     0     0     0     0     0     0]
 [ 1247    49     0     0     0     0     0     0]
 [  560    25     0     0     0     0     0     0]
 [  100     5     0     0     0     0     0     0]
 [   51     2     0     0     0     0     0     0]
 [   33     2     0     0     0     0     0     0]
 [    8     0     0     0     0     0     0     0]]
F1 score: 0.3628291350552335
Accuracy: 0.49488246541446407
25_train_qd0.1
Train time: 54.522624254226685
[[11957   536     0     0     0     0     0     0     0     0]
 [10039   560     0     0     0     0     0     0     0     0]
 [ 1149    57     0     0     0     0     0     0     0     0]
 [  486    27     0     0     0     0     0     0     0     0]
 [   87     6     0     0     0     0     0     0     0     0]
 [   52     2     0     0     0     0     0     0     0     0]
 [   34     2     0     0     0     0     0     0     0     0]
 [    6     0     0     0     0     0     0     0     0     0]
 [    4     1     0     0     0     0     0     0     0     0]
 [    5     0     0     0     0     0     0     0     0     0]]
F1 score: 0.3692273962500689
Accuracy: 0.5004798080767693
25_test_qd0.1
Train time: 54.522624254226685
[[12695   728     0     0     0     0     0     0]
 [10656   512     0     0     0     0     0     0]
 [ 1241    55     0     0     0     0     0     0]
 [  563    22     0     0     0     0     0     0]
 [   98     7     0     0     0     0     0     0]
 [   50     3     0     0     0     0     0     0]
 [   32     3     0     0     0     0     0     0]
 [    8     0     0     0     0     0     0     0]]
F1 score: 0.36390713230508587
Accuracy: 0.4951449030855172
