1
63
75
113
127
133
141
171
314
409
413
497
511
521
553
565
570
605
721
751
787
806
818
846
862
878
899
914
930
932
933
957
959
967
975
1008
1016
1032
1079
1081
1122
1161
1197
1269
1273
1282
1299
1363
1375
1405
1416
1436
1441
1444
1506
1518
1538
1559
1560
1575
1587
1605
1621
1661
1670
1687
1740
1827
1835
1856
1877
1891
1930
1955
1961
1980
2013
2037
2061
2085
2087
2185
2195
2246
2269
2292
2373
2491
2508
2572
2585
2606
2626
2635
2649
2682
2694
2749
2760
2764
2774
2777
2785
2814
2827
2838
2848
2872
2876
2884
2908
2921
2924
2949
2953
3011
3041
3049
3051
3071
3163
3172
3179
3181
3203
3209
3229
3231
3302
3307
3311
3329
3358
3374
3434
3451
3518
3525
3561
3587
3594
3629
3655
3703
3706
3736
3743
3758
3806
3820
3885
3892
3899
3924
3927
3928
3938
3964
3996
