5_train_qc
Train time: 1.7304482460021973
[[12493     0     0     0     0     0     0     0     0     0]
 [10599     0     0     0     0     0     0     0     0     0]
 [ 1206     0     0     0     0     0     0     0     0     0]
 [  513     0     0     0     0     0     0     0     0     0]
 [   93     0     0     0     0     0     0     0     0     0]
 [   54     0     0     0     0     0     0     0     0     0]
 [   36     0     0     0     0     0     0     0     0     0]
 [    6     0     0     0     0     0     0     0     0     0]
 [    5     0     0     0     0     0     0     0     0     0]
 [    5     0     0     0     0     0     0     0     0     0]]
F1 score: 0.3328003497158586
Accuracy: 0.4995201919232307
5_test_qc
Train time: 1.7304482460021973
[[501209      0      0      0      0      0      0      0      0      0]
 [422498      0      0      0      0      0      0      0      0      0]
 [ 47622      0      0      0      0      0      0      0      0      0]
 [ 21121      0      0      0      0      0      0      0      0      0]
 [  3885      0      0      0      0      0      0      0      0      0]
 [  1996      0      0      0      0      0      0      0      0      0]
 [  1424      0      0      0      0      0      0      0      0      0]
 [   230      0      0      0      0      0      0      0      0      0]
 [    12      0      0      0      0      0      0      0      0      0]
 [     3      0      0      0      0      0      0      0      0      0]]
F1 score: 0.3346775321504201
Accuracy: 0.501209
10_train_qc
Train time: 67.75560426712036
[[11769   724     0     0     0     0     0     0     0     0]
 [ 1902  8697     0     0     0     0     0     0     0     0]
 [    7  1199     0     0     0     0     0     0     0     0]
 [   10   503     0     0     0     0     0     0     0     0]
 [   80    13     0     0     0     0     0     0     0     0]
 [   49     5     0     0     0     0     0     0     0     0]
 [    0    36     0     0     0     0     0     0     0     0]
 [    0     6     0     0     0     0     0     0     0     0]
 [    5     0     0     0     0     0     0     0     0     0]
 [    5     0     0     0     0     0     0     0     0     0]]
F1 score: 0.7851389407286244
Accuracy: 0.818312674930028
10_test_qc
Train time: 67.75560426712036
[[463529  37680      0      0      0      0      0      0      0      0]
 [ 85211 337287      0      0      0      0      0      0      0      0]
 [   344  47278      0      0      0      0      0      0      0      0]
 [   491  20630      0      0      0      0      0      0      0      0]
 [  3358    527      0      0      0      0      0      0      0      0]
 [  1864    132      0      0      0      0      0      0      0      0]
 [     0   1424      0      0      0      0      0      0      0      0]
 [     0    230      0      0      0      0      0      0      0      0]
 [    10      2      0      0      0      0      0      0      0      0]
 [     3      0      0      0      0      0      0      0      0      0]]
F1 score: 0.7684675595645395
Accuracy: 0.800816
15_train_qc
Train time: 51.5305438041687
[[11310  1183     0     0     0     0     0     0     0     0]
 [ 3201  7398     0     0     0     0     0     0     0     0]
 [   25  1181     0     0     0     0     0     0     0     0]
 [   32   481     0     0     0     0     0     0     0     0]
 [   77    16     0     0     0     0     0     0     0     0]
 [   46     8     0     0     0     0     0     0     0     0]
 [    1    35     0     0     0     0     0     0     0     0]
 [    0     6     0     0     0     0     0     0     0     0]
 [    4     1     0     0     0     0     0     0     0     0]
 [    3     2     0     0     0     0     0     0     0     0]]
F1 score: 0.7154078707657953
Accuracy: 0.7480207916833267
15_test_qc
Train time: 51.5305438041687
[[443174  58035      0      0      0      0      0      0      0      0]
 [140457 282041      0      0      0      0      0      0      0      0]
 [   898  46724      0      0      0      0      0      0      0      0]
 [  1123  19998      0      0      0      0      0      0      0      0]
 [  3155    730      0      0      0      0      0      0      0      0]
 [  1768    228      0      0      0      0      0      0      0      0]
 [     6   1418      0      0      0      0      0      0      0      0]
 [     7    223      0      0      0      0      0      0      0      0]
 [    10      2      0      0      0      0      0      0      0      0]
 [     2      1      0      0      0      0      0      0      0      0]]
F1 score: 0.693371134799804
Accuracy: 0.725215
20_train_qc
Train time: 42.42104411125183
[[10789  1704     0     0     0     0     0     0     0     0]
 [ 6367  4232     0     0     0     0     0     0     0     0]
 [  354   852     0     0     0     0     0     0     0     0]
 [  213   300     0     0     0     0     0     0     0     0]
 [   77    16     0     0     0     0     0     0     0     0]
 [   47     7     0     0     0     0     0     0     0     0]
 [    7    29     0     0     0     0     0     0     0     0]
 [    1     5     0     0     0     0     0     0     0     0]
 [    5     0     0     0     0     0     0     0     0     0]
 [    1     4     0     0     0     0     0     0     0     0]]
F1 score: 0.5572032417054424
Accuracy: 0.6005997600959616
20_test_qc
Train time: 42.42104411125183
[[426576  74633      0      0      0      0      0      0      0      0]
 [265211 157287      0      0      0      0      0      0      0      0]
 [ 15858  31764      0      0      0      0      0      0      0      0]
 [  9177  11944      0      0      0      0      0      0      0      0]
 [  3340    545      0      0      0      0      0      0      0      0]
 [  1714    282      0      0      0      0      0      0      0      0]
 [   182   1242      0      0      0      0      0      0      0      0]
 [    56    174      0      0      0      0      0      0      0      0]
 [    12      0      0      0      0      0      0      0      0      0]
 [     2      1      0      0      0      0      0      0      0      0]]
F1 score: 0.5393085103348143
Accuracy: 0.583863
25_train_qc
Train time: 35.67338848114014
[[10644  1849     0     0     0     0     0     0     0     0]
 [ 7747  2852     0     0     0     0     0     0     0     0]
 [  799   407     0     0     0     0     0     0     0     0]
 [  303   210     0     0     0     0     0     0     0     0]
 [   75    18     0     0     0     0     0     0     0     0]
 [   51     3     0     0     0     0     0     0     0     0]
 [   12    24     0     0     0     0     0     0     0     0]
 [    2     4     0     0     0     0     0     0     0     0]
 [    4     1     0     0     0     0     0     0     0     0]
 [    4     1     0     0     0     0     0     0     0     0]]
F1 score: 0.48230415547085403
Accuracy: 0.5396241503398641
25_test_qc
Train time: 35.67338848114014
[[417781  83428      0      0      0      0      0      0      0      0]
 [319540 102958      0      0      0      0      0      0      0      0]
 [ 31546  16076      0      0      0      0      0      0      0      0]
 [ 12770   8351      0      0      0      0      0      0      0      0]
 [  3094    791      0      0      0      0      0      0      0      0]
 [  1632    364      0      0      0      0      0      0      0      0]
 [   705    719      0      0      0      0      0      0      0      0]
 [    94    136      0      0      0      0      0      0      0      0]
 [    10      2      0      0      0      0      0      0      0      0]
 [     1      2      0      0      0      0      0      0      0      0]]
F1 score: 0.46198840598213575
Accuracy: 0.520739
5_train_qc
Train time: 2.449662923812866
[[12493     0     0     0     0     0     0     0     0     0]
 [10599     0     0     0     0     0     0     0     0     0]
 [ 1206     0     0     0     0     0     0     0     0     0]
 [  513     0     0     0     0     0     0     0     0     0]
 [   93     0     0     0     0     0     0     0     0     0]
 [   54     0     0     0     0     0     0     0     0     0]
 [   36     0     0     0     0     0     0     0     0     0]
 [    6     0     0     0     0     0     0     0     0     0]
 [    5     0     0     0     0     0     0     0     0     0]
 [    5     0     0     0     0     0     0     0     0     0]]
F1 score: 0.3328003497158586
Accuracy: 0.4995201919232307
5_test_qc
Train time: 2.449662923812866
[[501209      0      0      0      0      0      0      0      0      0]
 [422498      0      0      0      0      0      0      0      0      0]
 [ 47622      0      0      0      0      0      0      0      0      0]
 [ 21121      0      0      0      0      0      0      0      0      0]
 [  3885      0      0      0      0      0      0      0      0      0]
 [  1996      0      0      0      0      0      0      0      0      0]
 [  1424      0      0      0      0      0      0      0      0      0]
 [   230      0      0      0      0      0      0      0      0      0]
 [    12      0      0      0      0      0      0      0      0      0]
 [     3      0      0      0      0      0      0      0      0      0]]
F1 score: 0.3346775321504201
Accuracy: 0.501209
10_train_qc
Train time: 1.783041000366211
[[12485     8     0     0     0     0     0     0     0     0]
 [10586    13     0     0     0     0     0     0     0     0]
 [ 1204     2     0     0     0     0     0     0     0     0]
 [  513     0     0     0     0     0     0     0     0     0]
 [   93     0     0     0     0     0     0     0     0     0]
 [   54     0     0     0     0     0     0     0     0     0]
 [   36     0     0     0     0     0     0     0     0     0]
 [    6     0     0     0     0     0     0     0     0     0]
 [    5     0     0     0     0     0     0     0     0     0]
 [    5     0     0     0     0     0     0     0     0     0]]
F1 score: 0.3338286669767852
Accuracy: 0.4997201119552179
10_test_qc
Train time: 1.783041000366211
[[500738    471      0      0      0      0      0      0      0      0]
 [422120    378      0      0      0      0      0      0      0      0]
 [ 47575     47      0      0      0      0      0      0      0      0]
 [ 21102     19      0      0      0      0      0      0      0      0]
 [  3880      5      0      0      0      0      0      0      0      0]
 [  1991      5      0      0      0      0      0      0      0      0]
 [  1423      1      0      0      0      0      0      0      0      0]
 [   230      0      0      0      0      0      0      0      0      0]
 [    12      0      0      0      0      0      0      0      0      0]
 [     3      0      0      0      0      0      0      0      0      0]]
F1 score: 0.3353237475742043
Accuracy: 0.501116
15_train_qc
Train time: 2.405001401901245
[[12430    63     0     0     0     0     0     0     0     0]
 [10558    41     0     0     0     0     0     0     0     0]
 [ 1205     1     0     0     0     0     0     0     0     0]
 [  512     1     0     0     0     0     0     0     0     0]
 [   93     0     0     0     0     0     0     0     0     0]
 [   53     1     0     0     0     0     0     0     0     0]
 [   36     0     0     0     0     0     0     0     0     0]
 [    6     0     0     0     0     0     0     0     0     0]
 [    5     0     0     0     0     0     0     0     0     0]
 [    5     0     0     0     0     0     0     0     0     0]]
F1 score: 0.3353154453969116
Accuracy: 0.498640543782487
15_test_qc
Train time: 2.405001401901245
[[498295   2914      0      0      0      0      0      0      0      0]
 [420845   1653      0      0      0      0      0      0      0      0]
 [ 47519    103      0      0      0      0      0      0      0      0]
 [ 21076     45      0      0      0      0      0      0      0      0]
 [  3852     33      0      0      0      0      0      0      0      0]
 [  1981     15      0      0      0      0      0      0      0      0]
 [  1420      4      0      0      0      0      0      0      0      0]
 [   230      0      0      0      0      0      0      0      0      0]
 [    12      0      0      0      0      0      0      0      0      0]
 [     3      0      0      0      0      0      0      0      0      0]]
F1 score: 0.33706078697676917
Accuracy: 0.499948
20_train_qc
Train time: 1.5940017700195312
[[12493     0     0     0     0     0     0     0     0     0]
 [10599     0     0     0     0     0     0     0     0     0]
 [ 1206     0     0     0     0     0     0     0     0     0]
 [  513     0     0     0     0     0     0     0     0     0]
 [   93     0     0     0     0     0     0     0     0     0]
 [   54     0     0     0     0     0     0     0     0     0]
 [   36     0     0     0     0     0     0     0     0     0]
 [    6     0     0     0     0     0     0     0     0     0]
 [    5     0     0     0     0     0     0     0     0     0]
 [    5     0     0     0     0     0     0     0     0     0]]
F1 score: 0.3328003497158586
Accuracy: 0.4995201919232307
20_test_qc
Train time: 1.5940017700195312
[[501209      0      0      0      0      0      0      0      0      0]
 [422498      0      0      0      0      0      0      0      0      0]
 [ 47622      0      0      0      0      0      0      0      0      0]
 [ 21121      0      0      0      0      0      0      0      0      0]
 [  3885      0      0      0      0      0      0      0      0      0]
 [  1996      0      0      0      0      0      0      0      0      0]
 [  1424      0      0      0      0      0      0      0      0      0]
 [   230      0      0      0      0      0      0      0      0      0]
 [    12      0      0      0      0      0      0      0      0      0]
 [     3      0      0      0      0      0      0      0      0      0]]
F1 score: 0.3346775321504201
Accuracy: 0.501209
25_train_qc
Train time: 1.1639835834503174
[[12493     0     0     0     0     0     0     0     0     0]
 [10599     0     0     0     0     0     0     0     0     0]
 [ 1206     0     0     0     0     0     0     0     0     0]
 [  513     0     0     0     0     0     0     0     0     0]
 [   93     0     0     0     0     0     0     0     0     0]
 [   54     0     0     0     0     0     0     0     0     0]
 [   36     0     0     0     0     0     0     0     0     0]
 [    6     0     0     0     0     0     0     0     0     0]
 [    5     0     0     0     0     0     0     0     0     0]
 [    5     0     0     0     0     0     0     0     0     0]]
F1 score: 0.3328003497158586
Accuracy: 0.4995201919232307
25_test_qc
Train time: 1.1639835834503174
[[501195     14      0      0      0      0      0      0      0      0]
 [422489      9      0      0      0      0      0      0      0      0]
 [ 47621      1      0      0      0      0      0      0      0      0]
 [ 21121      0      0      0      0      0      0      0      0      0]
 [  3885      0      0      0      0      0      0      0      0      0]
 [  1996      0      0      0      0      0      0      0      0      0]
 [  1424      0      0      0      0      0      0      0      0      0]
 [   230      0      0      0      0      0      0      0      0      0]
 [    12      0      0      0      0      0      0      0      0      0]
 [     3      0      0      0      0      0      0      0      0      0]]
F1 score: 0.33469153322551226
Accuracy: 0.501204
5_train_qc
Train time: 1.6682391166687012
[[12493     0     0     0     0     0     0     0     0     0]
 [10599     0     0     0     0     0     0     0     0     0]
 [ 1206     0     0     0     0     0     0     0     0     0]
 [  513     0     0     0     0     0     0     0     0     0]
 [   93     0     0     0     0     0     0     0     0     0]
 [   54     0     0     0     0     0     0     0     0     0]
 [   36     0     0     0     0     0     0     0     0     0]
 [    6     0     0     0     0     0     0     0     0     0]
 [    5     0     0     0     0     0     0     0     0     0]
 [    5     0     0     0     0     0     0     0     0     0]]
F1 score: 0.3328003497158586
Accuracy: 0.4995201919232307
5_test_qc
Train time: 1.6682391166687012
[[501209      0      0      0      0      0      0      0      0      0]
 [422498      0      0      0      0      0      0      0      0      0]
 [ 47622      0      0      0      0      0      0      0      0      0]
 [ 21121      0      0      0      0      0      0      0      0      0]
 [  3885      0      0      0      0      0      0      0      0      0]
 [  1996      0      0      0      0      0      0      0      0      0]
 [  1424      0      0      0      0      0      0      0      0      0]
 [   230      0      0      0      0      0      0      0      0      0]
 [    12      0      0      0      0      0      0      0      0      0]
 [     3      0      0      0      0      0      0      0      0      0]]
F1 score: 0.3346775321504201
Accuracy: 0.501209
10_train_qc
Train time: 1.581641435623169
[[12487     6     0     0     0     0     0     0     0     0]
 [10588    11     0     0     0     0     0     0     0     0]
 [ 1205     1     0     0     0     0     0     0     0     0]
 [  513     0     0     0     0     0     0     0     0     0]
 [   93     0     0     0     0     0     0     0     0     0]
 [   54     0     0     0     0     0     0     0     0     0]
 [   36     0     0     0     0     0     0     0     0     0]
 [    6     0     0     0     0     0     0     0     0     0]
 [    5     0     0     0     0     0     0     0     0     0]
 [    5     0     0     0     0     0     0     0     0     0]]
F1 score: 0.3336784041717792
Accuracy: 0.4997201119552179
10_test_qc
Train time: 1.581641435623169
[[500863    346      0      0      0      0      0      0      0      0]
 [422192    306      0      0      0      0      0      0      0      0]
 [ 47584     38      0      0      0      0      0      0      0      0]
 [ 21103     18      0      0      0      0      0      0      0      0]
 [  3883      2      0      0      0      0      0      0      0      0]
 [  1991      5      0      0      0      0      0      0      0      0]
 [  1423      1      0      0      0      0      0      0      0      0]
 [   230      0      0      0      0      0      0      0      0      0]
 [    12      0      0      0      0      0      0      0      0      0]
 [     3      0      0      0      0      0      0      0      0      0]]
F1 score: 0.3352170485653276
Accuracy: 0.501169
15_train_qc
Train time: 0.6889472007751465
[[12482    11     0     0     0     0     0     0     0     0]
 [10592     7     0     0     0     0     0     0     0     0]
 [ 1205     1     0     0     0     0     0     0     0     0]
 [  513     0     0     0     0     0     0     0     0     0]
 [   93     0     0     0     0     0     0     0     0     0]
 [   54     0     0     0     0     0     0     0     0     0]
 [   36     0     0     0     0     0     0     0     0     0]
 [    6     0     0     0     0     0     0     0     0     0]
 [    5     0     0     0     0     0     0     0     0     0]
 [    5     0     0     0     0     0     0     0     0     0]]
F1 score: 0.3332346380179895
Accuracy: 0.49936025589764094
15_test_qc
Train time: 0.6889472007751465
[[500858    351      0      0      0      0      0      0      0      0]
 [422307    191      0      0      0      0      0      0      0      0]
 [ 47604     18      0      0      0      0      0      0      0      0]
 [ 21118      3      0      0      0      0      0      0      0      0]
 [  3884      1      0      0      0      0      0      0      0      0]
 [  1993      3      0      0      0      0      0      0      0      0]
 [  1424      0      0      0      0      0      0      0      0      0]
 [   230      0      0      0      0      0      0      0      0      0]
 [    12      0      0      0      0      0      0      0      0      0]
 [     3      0      0      0      0      0      0      0      0      0]]
F1 score: 0.3349510087106021
Accuracy: 0.501049
20_train_qc
Train time: 0.0379481315612793
[[11877   616     0     0     0     0     0     0     0     0]
 [10164   435     0     0     0     0     0     0     0     0]
 [ 1145    61     0     0     0     0     0     0     0     0]
 [  492    21     0     0     0     0     0     0     0     0]
 [   90     3     0     0     0     0     0     0     0     0]
 [   46     8     0     0     0     0     0     0     0     0]
 [   36     0     0     0     0     0     0     0     0     0]
 [    6     0     0     0     0     0     0     0     0     0]
 [    5     0     0     0     0     0     0     0     0     0]
 [    3     2     0     0     0     0     0     0     0     0]]
F1 score: 0.3577555216235333
Accuracy: 0.49228308676529386
20_test_qc
Train time: 0.0379481315612793
[[477304  23905      0      0      0      0      0      0      0      0]
 [403525  18973      0      0      0      0      0      0      0      0]
 [ 45568   2054      0      0      0      0      0      0      0      0]
 [ 20301    820      0      0      0      0      0      0      0      0]
 [  3724    161      0      0      0      0      0      0      0      0]
 [  1868    128      0      0      0      0      0      0      0      0]
 [  1366     58      0      0      0      0      0      0      0      0]
 [   222      8      0      0      0      0      0      0      0      0]
 [    10      2      0      0      0      0      0      0      0      0]
 [     2      1      0      0      0      0      0      0      0      0]]
F1 score: 0.36302702042422047
Accuracy: 0.496277
25_train_qc
Train time: 1.6689956188201904
[[12493     0     0     0     0     0     0     0     0     0]
 [10599     0     0     0     0     0     0     0     0     0]
 [ 1206     0     0     0     0     0     0     0     0     0]
 [  513     0     0     0     0     0     0     0     0     0]
 [   93     0     0     0     0     0     0     0     0     0]
 [   54     0     0     0     0     0     0     0     0     0]
 [   36     0     0     0     0     0     0     0     0     0]
 [    6     0     0     0     0     0     0     0     0     0]
 [    5     0     0     0     0     0     0     0     0     0]
 [    5     0     0     0     0     0     0     0     0     0]]
F1 score: 0.3328003497158586
Accuracy: 0.4995201919232307
25_test_qc
Train time: 1.6689956188201904
[[501209      0      0      0      0      0      0      0      0      0]
 [422498      0      0      0      0      0      0      0      0      0]
 [ 47622      0      0      0      0      0      0      0      0      0]
 [ 21121      0      0      0      0      0      0      0      0      0]
 [  3885      0      0      0      0      0      0      0      0      0]
 [  1996      0      0      0      0      0      0      0      0      0]
 [  1424      0      0      0      0      0      0      0      0      0]
 [   230      0      0      0      0      0      0      0      0      0]
 [    12      0      0      0      0      0      0      0      0      0]
 [     3      0      0      0      0      0      0      0      0      0]]
F1 score: 0.3346775321504201
Accuracy: 0.501209
5_train_qc
Train time: 1.486948013305664
[[12493     0     0     0     0     0     0     0     0     0]
 [10599     0     0     0     0     0     0     0     0     0]
 [ 1206     0     0     0     0     0     0     0     0     0]
 [  513     0     0     0     0     0     0     0     0     0]
 [   93     0     0     0     0     0     0     0     0     0]
 [   54     0     0     0     0     0     0     0     0     0]
 [   36     0     0     0     0     0     0     0     0     0]
 [    6     0     0     0     0     0     0     0     0     0]
 [    5     0     0     0     0     0     0     0     0     0]
 [    5     0     0     0     0     0     0     0     0     0]]
F1 score: 0.3328003497158586
Accuracy: 0.4995201919232307
5_test_qc
Train time: 1.486948013305664
[[501209      0      0      0      0      0      0      0      0      0]
 [422498      0      0      0      0      0      0      0      0      0]
 [ 47622      0      0      0      0      0      0      0      0      0]
 [ 21121      0      0      0      0      0      0      0      0      0]
 [  3885      0      0      0      0      0      0      0      0      0]
 [  1996      0      0      0      0      0      0      0      0      0]
 [  1424      0      0      0      0      0      0      0      0      0]
 [   230      0      0      0      0      0      0      0      0      0]
 [    12      0      0      0      0      0      0      0      0      0]
 [     3      0      0      0      0      0      0      0      0      0]]
F1 score: 0.3346775321504201
Accuracy: 0.501209
10_train_qc
Train time: 1.3259482383728027
[[12485     8     0     0     0     0     0     0     0     0]
 [10586    13     0     0     0     0     0     0     0     0]
 [ 1206     0     0     0     0     0     0     0     0     0]
 [  513     0     0     0     0     0     0     0     0     0]
 [   93     0     0     0     0     0     0     0     0     0]
 [   54     0     0     0     0     0     0     0     0     0]
 [   36     0     0     0     0     0     0     0     0     0]
 [    6     0     0     0     0     0     0     0     0     0]
 [    5     0     0     0     0     0     0     0     0     0]
 [    5     0     0     0     0     0     0     0     0     0]]
F1 score: 0.33381110493673727
Accuracy: 0.4997201119552179
10_test_qc
Train time: 1.3259482383728027
[[500809    400      0      0      0      0      0      0      0      0]
 [422139    359      0      0      0      0      0      0      0      0]
 [ 47578     44      0      0      0      0      0      0      0      0]
 [ 21097     24      0      0      0      0      0      0      0      0]
 [  3884      1      0      0      0      0      0      0      0      0]
 [  1992      4      0      0      0      0      0      0      0      0]
 [  1422      2      0      0      0      0      0      0      0      0]
 [   230      0      0      0      0      0      0      0      0      0]
 [    12      0      0      0      0      0      0      0      0      0]
 [     3      0      0      0      0      0      0      0      0      0]]
F1 score: 0.3353129071732525
Accuracy: 0.501168
15_train_qc
Train time: 13.978035688400269
[[11420  1073     0     0     0     0     0     0     0     0]
 [ 9399  1200     0     0     0     0     0     0     0     0]
 [ 1065   141     0     0     0     0     0     0     0     0]
 [  445    68     0     0     0     0     0     0     0     0]
 [   85     8     0     0     0     0     0     0     0     0]
 [   50     4     0     0     0     0     0     0     0     0]
 [   29     7     0     0     0     0     0     0     0     0]
 [    4     2     0     0     0     0     0     0     0     0]
 [    4     1     0     0     0     0     0     0     0     0]
 [    4     1     0     0     0     0     0     0     0     0]]
F1 score: 0.403608538040553
Accuracy: 0.5045981607357057
15_test_qc
Train time: 13.978035688400269
[[453408  47801      0      0      0      0      0      0      0      0]
 [379120  43378      0      0      0      0      0      0      0      0]
 [ 42380   5242      0      0      0      0      0      0      0      0]
 [ 18642   2479      0      0      0      0      0      0      0      0]
 [  3507    378      0      0      0      0      0      0      0      0]
 [  1749    247      0      0      0      0      0      0      0      0]
 [  1236    188      0      0      0      0      0      0      0      0]
 [   184     46      0      0      0      0      0      0      0      0]
 [    10      2      0      0      0      0      0      0      0      0]
 [     3      0      0      0      0      0      0      0      0      0]]
F1 score: 0.39449454852621446
Accuracy: 0.496786
20_train_qc
Train time: 4.548126220703125
[[12469    24     0     0     0     0     0     0     0     0]
 [10580    19     0     0     0     0     0     0     0     0]
 [ 1202     4     0     0     0     0     0     0     0     0]
 [  513     0     0     0     0     0     0     0     0     0]
 [   93     0     0     0     0     0     0     0     0     0]
 [   53     1     0     0     0     0     0     0     0     0]
 [   36     0     0     0     0     0     0     0     0     0]
 [    6     0     0     0     0     0     0     0     0     0]
 [    5     0     0     0     0     0     0     0     0     0]
 [    5     0     0     0     0     0     0     0     0     0]]
F1 score: 0.33409923427700394
Accuracy: 0.4993202718912435
20_test_qc
Train time: 4.548126220703125
[[499879   1330      0      0      0      0      0      0      0      0]
 [421697    801      0      0      0      0      0      0      0      0]
 [ 47556     66      0      0      0      0      0      0      0      0]
 [ 21097     24      0      0      0      0      0      0      0      0]
 [  3863     22      0      0      0      0      0      0      0      0]
 [  1978     18      0      0      0      0      0      0      0      0]
 [  1423      1      0      0      0      0      0      0      0      0]
 [   230      0      0      0      0      0      0      0      0      0]
 [    12      0      0      0      0      0      0      0      0      0]
 [     3      0      0      0      0      0      0      0      0      0]]
F1 score: 0.33588661417569354
Accuracy: 0.50068
25_train_qc
Train time: 1.2939934730529785
[[12493     0     0     0     0     0     0     0     0     0]
 [10599     0     0     0     0     0     0     0     0     0]
 [ 1206     0     0     0     0     0     0     0     0     0]
 [  513     0     0     0     0     0     0     0     0     0]
 [   93     0     0     0     0     0     0     0     0     0]
 [   54     0     0     0     0     0     0     0     0     0]
 [   36     0     0     0     0     0     0     0     0     0]
 [    6     0     0     0     0     0     0     0     0     0]
 [    5     0     0     0     0     0     0     0     0     0]
 [    5     0     0     0     0     0     0     0     0     0]]
F1 score: 0.3328003497158586
Accuracy: 0.4995201919232307
25_test_qc
Train time: 1.2939934730529785
[[501202      7      0      0      0      0      0      0      0      0]
 [422493      5      0      0      0      0      0      0      0      0]
 [ 47622      0      0      0      0      0      0      0      0      0]
 [ 21121      0      0      0      0      0      0      0      0      0]
 [  3885      0      0      0      0      0      0      0      0      0]
 [  1996      0      0      0      0      0      0      0      0      0]
 [  1424      0      0      0      0      0      0      0      0      0]
 [   230      0      0      0      0      0      0      0      0      0]
 [    12      0      0      0      0      0      0      0      0      0]
 [     3      0      0      0      0      0      0      0      0      0]]
F1 score: 0.334685532931144
Accuracy: 0.501207
5_train_qc
Train time: 62.26297187805176
[[9830 2663    0    0    0    0    0    0    0    0]
 [4331 6268    0    0    0    0    0    0    0    0]
 [ 171 1035    0    0    0    0    0    0    0    0]
 [  71  442    0    0    0    0    0    0    0    0]
 [  33   60    0    0    0    0    0    0    0    0]
 [  42   12    0    0    0    0    0    0    0    0]
 [   0   36    0    0    0    0    0    0    0    0]
 [   0    6    0    0    0    0    0    0    0    0]
 [   3    2    0    0    0    0    0    0    0    0]
 [   2    3    0    0    0    0    0    0    0    0]]
F1 score: 0.6155221961649223
Accuracy: 0.6436625349860056
5_test_qc
Train time: 62.26297187805176
[[378627 122582      0      0      0      0      0      0      0      0]
 [182425 240073      0      0      0      0      0      0      0      0]
 [  7731  39891      0      0      0      0      0      0      0      0]
 [  4117  17004      0      0      0      0      0      0      0      0]
 [  1413   2472      0      0      0      0      0      0      0      0]
 [  1523    473      0      0      0      0      0      0      0      0]
 [    15   1409      0      0      0      0      0      0      0      0]
 [    12    218      0      0      0      0      0      0      0      0]
 [     3      9      0      0      0      0      0      0      0      0]
 [     0      3      0      0      0      0      0      0      0      0]]
F1 score: 0.5919917208761354
Accuracy: 0.6187
10_train_qc
Train time: 66.48092126846313
[[11979   514     0     0     0     0     0     0     0     0]
 [ 1440  9159     0     0     0     0     0     0     0     0]
 [    7  1199     0     0     0     0     0     0     0     0]
 [    5   508     0     0     0     0     0     0     0     0]
 [   83    10     0     0     0     0     0     0     0     0]
 [   49     5     0     0     0     0     0     0     0     0]
 [    0    36     0     0     0     0     0     0     0     0]
 [    0     6     0     0     0     0     0     0     0     0]
 [    5     0     0     0     0     0     0     0     0     0]
 [    5     0     0     0     0     0     0     0     0     0]]
F1 score: 0.8114100759243916
Accuracy: 0.8451819272291083
10_test_qc
Train time: 66.48092126846313
[[471752  29457      0      0      0      0      0      0      0      0]
 [ 66447 356051      0      0      0      0      0      0      0      0]
 [   425  47197      0      0      0      0      0      0      0      0]
 [   454  20667      0      0      0      0      0      0      0      0]
 [  3449    436      0      0      0      0      0      0      0      0]
 [  1875    121      0      0      0      0      0      0      0      0]
 [     1   1423      0      0      0      0      0      0      0      0]
 [     0    230      0      0      0      0      0      0      0      0]
 [    12      0      0      0      0      0      0      0      0      0]
 [     3      0      0      0      0      0      0      0      0      0]]
F1 score: 0.7948933728451908
Accuracy: 0.827803
15_train_qc
Train time: 69.6545250415802
[[12435    58     0     0     0     0     0     0     0     0]
 [  127 10472     0     0     0     0     0     0     0     0]
 [    9  1197     0     0     0     0     0     0     0     0]
 [    5   508     0     0     0     0     0     0     0     0]
 [   84     9     0     0     0     0     0     0     0     0]
 [   54     0     0     0     0     0     0     0     0     0]
 [    0    36     0     0     0     0     0     0     0     0]
 [    0     6     0     0     0     0     0     0     0     0]
 [    5     0     0     0     0     0     0     0     0     0]
 [    5     0     0     0     0     0     0     0     0     0]]
F1 score: 0.8804930475240966
Accuracy: 0.9159136345461816
15_test_qc
Train time: 69.6545250415802
[[495611   5598      0      0      0      0      0      0      0      0]
 [  9320 413178      0      0      0      0      0      0      0      0]
 [   442  47180      0      0      0      0      0      0      0      0]
 [    99  21022      0      0      0      0      0      0      0      0]
 [  3662    223      0      0      0      0      0      0      0      0]
 [  1978     18      0      0      0      0      0      0      0      0]
 [     1   1423      0      0      0      0      0      0      0      0]
 [     0    230      0      0      0      0      0      0      0      0]
 [    11      1      0      0      0      0      0      0      0      0]
 [     3      0      0      0      0      0      0      0      0      0]]
F1 score: 0.8738417426649269
Accuracy: 0.908789
20_train_qc
Train time: 69.28465580940247
[[12493     0     0     0     0     0     0     0     0     0]
 [    0 10599     0     0     0     0     0     0     0     0]
 [    0  1206     0     0     0     0     0     0     0     0]
 [    0   513     0     0     0     0     0     0     0     0]
 [   93     0     0     0     0     0     0     0     0     0]
 [   54     0     0     0     0     0     0     0     0     0]
 [    0    36     0     0     0     0     0     0     0     0]
 [    0     6     0     0     0     0     0     0     0     0]
 [    5     0     0     0     0     0     0     0     0     0]
 [    5     0     0     0     0     0     0     0     0     0]]
F1 score: 0.8876859752291361
Accuracy: 0.9233106757297082
20_test_qc
Train time: 69.28465580940247
[[501209      0      0      0      0      0      0      0      0      0]
 [   186 422312      0      0      0      0      0      0      0      0]
 [     0  47622      0      0      0      0      0      0      0      0]
 [    14  21107      0      0      0      0      0      0      0      0]
 [  3885      0      0      0      0      0      0      0      0      0]
 [  1996      0      0      0      0      0      0      0      0      0]
 [     0   1424      0      0      0      0      0      0      0      0]
 [     0    230      0      0      0      0      0      0      0      0]
 [    12      0      0      0      0      0      0      0      0      0]
 [     3      0      0      0      0      0      0      0      0      0]]
F1 score: 0.8880993103207668
Accuracy: 0.923521
25_train_qc
Train time: 72.11731433868408
[[12493     0     0     0     0     0     0     0     0     0]
 [    0 10599     0     0     0     0     0     0     0     0]
 [    0  1206     0     0     0     0     0     0     0     0]
 [    0   513     0     0     0     0     0     0     0     0]
 [   93     0     0     0     0     0     0     0     0     0]
 [   54     0     0     0     0     0     0     0     0     0]
 [    0    36     0     0     0     0     0     0     0     0]
 [    0     6     0     0     0     0     0     0     0     0]
 [    5     0     0     0     0     0     0     0     0     0]
 [    5     0     0     0     0     0     0     0     0     0]]
F1 score: 0.8876859752291361
Accuracy: 0.9233106757297082
25_test_qc
Train time: 72.11731433868408
[[501164     45      0      0      0      0      0      0      0      0]
 [   123 422375      0      0      0      0      0      0      0      0]
 [     0  47622      0      0      0      0      0      0      0      0]
 [     8  21113      0      0      0      0      0      0      0      0]
 [  3877      8      0      0      0      0      0      0      0      0]
 [  1996      0      0      0      0      0      0      0      0      0]
 [     0   1424      0      0      0      0      0      0      0      0]
 [     0    230      0      0      0      0      0      0      0      0]
 [    12      0      0      0      0      0      0      0      0      0]
 [     3      0      0      0      0      0      0      0      0      0]]
F1 score: 0.8881210376036156
Accuracy: 0.923539
