10_train_qd10
Train time: 155.4962124824524
[[11742   751     0     0     0     0     0     0     0     0]
 [ 1077  9522     0     0     0     0     0     0     0     0]
 [   30  1176     0     0     0     0     0     0     0     0]
 [   24   489     0     0     0     0     0     0     0     0]
 [   79    14     0     0     0     0     0     0     0     0]
 [   48     6     0     0     0     0     0     0     0     0]
 [    1    35     0     0     0     0     0     0     0     0]
 [    0     6     0     0     0     0     0     0     0     0]
 [    4     1     0     0     0     0     0     0     0     0]
 [    4     1     0     0     0     0     0     0     0     0]]
F1 score: 0.8171017492434131
Accuracy: 0.8502199120351859
