15_train_qd10
Train time: 183.11494755744934
[[12395    98     0     0     0     0     0     0     0     0]
 [  121 10478     0     0     0     0     0     0     0     0]
 [    7  1199     0     0     0     0     0     0     0     0]
 [    3   510     0     0     0     0     0     0     0     0]
 [   88     5     0     0     0     0     0     0     0     0]
 [   54     0     0     0     0     0     0     0     0     0]
 [    0    36     0     0     0     0     0     0     0     0]
 [    1     5     0     0     0     0     0     0     0     0]
 [    5     0     0     0     0     0     0     0     0     0]
 [    4     1     0     0     0     0     0     0     0     0]]
F1 score: 0.8792494998409464
Accuracy: 0.9145541783286686
