15_train_qc
Train time: 132.90698504447937
[[12493     0     0     0     0     0     0     0     0     0]
 [    0 10599     0     0     0     0     0     0     0     0]
 [    9  1197     0     0     0     0     0     0     0     0]
 [    1   512     0     0     0     0     0     0     0     0]
 [   91     2     0     0     0     0     0     0     0     0]
 [   54     0     0     0     0     0     0     0     0     0]
 [    0    36     0     0     0     0     0     0     0     0]
 [    0     6     0     0     0     0     0     0     0     0]
 [    5     0     0     0     0     0     0     0     0     0]
 [    5     0     0     0     0     0     0     0     0     0]]
F1 score: 0.8876644702528157
Accuracy: 0.9233106757297082
