5_train_qd10
Train time: 145.51245784759521
[[10157  2336     0     0     0     0     0     0     0     0]
 [ 3939  6660     0     0     0     0     0     0     0     0]
 [  112  1094     0     0     0     0     0     0     0     0]
 [  111   402     0     0     0     0     0     0     0     0]
 [   72    21     0     0     0     0     0     0     0     0]
 [   40    14     0     0     0     0     0     0     0     0]
 [    1    35     0     0     0     0     0     0     0     0]
 [    1     5     0     0     0     0     0     0     0     0]
 [    5     0     0     0     0     0     0     0     0     0]
 [    5     0     0     0     0     0     0     0     0     0]]
F1 score: 0.6434132316871832
Accuracy: 0.6724110355857656
