5_train_qc
Train time: 59.14328956604004
[[9838 2655    0    0    0    0    0    0    0    0]
 [4286 6313    0    0    0    0    0    0    0    0]
 [ 170 1036    0    0    0    0    0    0    0    0]
 [  75  438    0    0    0    0    0    0    0    0]
 [  33   60    0    0    0    0    0    0    0    0]
 [  41   13    0    0    0    0    0    0    0    0]
 [   0   36    0    0    0    0    0    0    0    0]
 [   0    6    0    0    0    0    0    0    0    0]
 [   3    2    0    0    0    0    0    0    0    0]
 [   2    3    0    0    0    0    0    0    0    0]]
F1 score: 0.6176782963317148
Accuracy: 0.64578168732507
