train_qe
Train time: 442.4971995353699
[[12493     0     0     0     0     0     0     0     0     0]
 [    0 10599     0     0     0     0     0     0     0     0]
 [    0  1206     0     0     0     0     0     0     0     0]
 [   89   424     0     0     0     0     0     0     0     0]
 [   87     6     0     0     0     0     0     0     0     0]
 [   51     3     0     0     0     0     0     0     0     0]
 [    0    36     0     0     0     0     0     0     0     0]
 [    0     6     0     0     0     0     0     0     0     0]
 [    5     0     0     0     0     0     0     0     0     0]
 [    5     0     0     0     0     0     0     0     0     0]]
F1 score: 0.8874797247983733
Accuracy: 0.9233106757297082
