train_relu_qe
Train time: 51.41940116882324
[[12493     0     0     0     0     0     0     0     0     0]
 [    0 10599     0     0     0     0     0     0     0     0]
 [    0   246   960     0     0     0     0     0     0     0]
 [    7   506     0     0     0     0     0     0     0     0]
 [   84     3     6     0     0     0     0     0     0     0]
 [   53     0     1     0     0     0     0     0     0     0]
 [    0    32     4     0     0     0     0     0     0     0]
 [    0     6     0     0     0     0     0     0     0     0]
 [    3     1     1     0     0     0     0     0     0     0]
 [    5     0     0     0     0     0     0     0     0     0]]
F1 score: 0.9474983343545748
Accuracy: 0.9616953218712515
train_relu_qe
Train time: 83.78074789047241
[[12493     0     0     0     0     0     0     0     0     0]
 [    0 10599     0     0     0     0     0     0     0     0]
 [    0  1206     0     0     0     0     0     0     0     0]
 [    0   513     0     0     0     0     0     0     0     0]
 [   68    25     0     0     0     0     0     0     0     0]
 [   47     7     0     0     0     0     0     0     0     0]
 [    0    36     0     0     0     0     0     0     0     0]
 [    0     6     0     0     0     0     0     0     0     0]
 [    5     0     0     0     0     0     0     0     0     0]
 [    3     2     0     0     0     0     0     0     0     0]]
F1 score: 0.8877795526770498
Accuracy: 0.9233106757297082
train_relu_qe
Train time: 49.933950662612915
[[12493     0     0     0     0     0     0     0     0     0]
 [    0 10599     0     0     0     0     0     0     0     0]
 [    0   246   960     0     0     0     0     0     0     0]
 [    7   506     0     0     0     0     0     0     0     0]
 [   84     3     6     0     0     0     0     0     0     0]
 [   53     0     1     0     0     0     0     0     0     0]
 [    0    32     4     0     0     0     0     0     0     0]
 [    0     6     0     0     0     0     0     0     0     0]
 [    3     1     1     0     0     0     0     0     0     0]
 [    5     0     0     0     0     0     0     0     0     0]]
F1 score: 0.9474983343545748
Accuracy: 0.9616953218712515
train_relu_qe
Train time: 51.66645812988281
[[12493     0     0     0     0     0     0     0     0     0]
 [    0 10599     0     0     0     0     0     0     0     0]
 [    0   246   960     0     0     0     0     0     0     0]
 [    7   506     0     0     0     0     0     0     0     0]
 [   84     3     6     0     0     0     0     0     0     0]
 [   53     0     1     0     0     0     0     0     0     0]
 [    0    32     4     0     0     0     0     0     0     0]
 [    0     6     0     0     0     0     0     0     0     0]
 [    3     1     1     0     0     0     0     0     0     0]
 [    5     0     0     0     0     0     0     0     0     0]]
F1 score: 0.9474983343545748
Accuracy: 0.9616953218712515
