5_train_qc
Train time: 62.26297187805176
[[9830 2663    0    0    0    0    0    0    0    0]
 [4331 6268    0    0    0    0    0    0    0    0]
 [ 171 1035    0    0    0    0    0    0    0    0]
 [  71  442    0    0    0    0    0    0    0    0]
 [  33   60    0    0    0    0    0    0    0    0]
 [  42   12    0    0    0    0    0    0    0    0]
 [   0   36    0    0    0    0    0    0    0    0]
 [   0    6    0    0    0    0    0    0    0    0]
 [   3    2    0    0    0    0    0    0    0    0]
 [   2    3    0    0    0    0    0    0    0    0]]
F1 score: 0.6155221961649223
Accuracy: 0.6436625349860056
5_test_qc
Train time: 62.26297187805176
[[378627 122582      0      0      0      0      0      0      0      0]
 [182425 240073      0      0      0      0      0      0      0      0]
 [  7731  39891      0      0      0      0      0      0      0      0]
 [  4117  17004      0      0      0      0      0      0      0      0]
 [  1413   2472      0      0      0      0      0      0      0      0]
 [  1523    473      0      0      0      0      0      0      0      0]
 [    15   1409      0      0      0      0      0      0      0      0]
 [    12    218      0      0      0      0      0      0      0      0]
 [     3      9      0      0      0      0      0      0      0      0]
 [     0      3      0      0      0      0      0      0      0      0]]
F1 score: 0.5919917208761354
Accuracy: 0.6187
10_train_qc
Train time: 66.48092126846313
[[11979   514     0     0     0     0     0     0     0     0]
 [ 1440  9159     0     0     0     0     0     0     0     0]
 [    7  1199     0     0     0     0     0     0     0     0]
 [    5   508     0     0     0     0     0     0     0     0]
 [   83    10     0     0     0     0     0     0     0     0]
 [   49     5     0     0     0     0     0     0     0     0]
 [    0    36     0     0     0     0     0     0     0     0]
 [    0     6     0     0     0     0     0     0     0     0]
 [    5     0     0     0     0     0     0     0     0     0]
 [    5     0     0     0     0     0     0     0     0     0]]
F1 score: 0.8114100759243916
Accuracy: 0.8451819272291083
10_test_qc
Train time: 66.48092126846313
[[471752  29457      0      0      0      0      0      0      0      0]
 [ 66447 356051      0      0      0      0      0      0      0      0]
 [   425  47197      0      0      0      0      0      0      0      0]
 [   454  20667      0      0      0      0      0      0      0      0]
 [  3449    436      0      0      0      0      0      0      0      0]
 [  1875    121      0      0      0      0      0      0      0      0]
 [     1   1423      0      0      0      0      0      0      0      0]
 [     0    230      0      0      0      0      0      0      0      0]
 [    12      0      0      0      0      0      0      0      0      0]
 [     3      0      0      0      0      0      0      0      0      0]]
F1 score: 0.7948933728451908
Accuracy: 0.827803
15_train_qc
Train time: 69.6545250415802
[[12435    58     0     0     0     0     0     0     0     0]
 [  127 10472     0     0     0     0     0     0     0     0]
 [    9  1197     0     0     0     0     0     0     0     0]
 [    5   508     0     0     0     0     0     0     0     0]
 [   84     9     0     0     0     0     0     0     0     0]
 [   54     0     0     0     0     0     0     0     0     0]
 [    0    36     0     0     0     0     0     0     0     0]
 [    0     6     0     0     0     0     0     0     0     0]
 [    5     0     0     0     0     0     0     0     0     0]
 [    5     0     0     0     0     0     0     0     0     0]]
F1 score: 0.8804930475240966
Accuracy: 0.9159136345461816
15_test_qc
Train time: 69.6545250415802
[[495611   5598      0      0      0      0      0      0      0      0]
 [  9320 413178      0      0      0      0      0      0      0      0]
 [   442  47180      0      0      0      0      0      0      0      0]
 [    99  21022      0      0      0      0      0      0      0      0]
 [  3662    223      0      0      0      0      0      0      0      0]
 [  1978     18      0      0      0      0      0      0      0      0]
 [     1   1423      0      0      0      0      0      0      0      0]
 [     0    230      0      0      0      0      0      0      0      0]
 [    11      1      0      0      0      0      0      0      0      0]
 [     3      0      0      0      0      0      0      0      0      0]]
F1 score: 0.8738417426649269
Accuracy: 0.908789
20_train_qc
Train time: 69.28465580940247
[[12493     0     0     0     0     0     0     0     0     0]
 [    0 10599     0     0     0     0     0     0     0     0]
 [    0  1206     0     0     0     0     0     0     0     0]
 [    0   513     0     0     0     0     0     0     0     0]
 [   93     0     0     0     0     0     0     0     0     0]
 [   54     0     0     0     0     0     0     0     0     0]
 [    0    36     0     0     0     0     0     0     0     0]
 [    0     6     0     0     0     0     0     0     0     0]
 [    5     0     0     0     0     0     0     0     0     0]
 [    5     0     0     0     0     0     0     0     0     0]]
F1 score: 0.8876859752291361
Accuracy: 0.9233106757297082
20_test_qc
Train time: 69.28465580940247
[[501209      0      0      0      0      0      0      0      0      0]
 [   186 422312      0      0      0      0      0      0      0      0]
 [     0  47622      0      0      0      0      0      0      0      0]
 [    14  21107      0      0      0      0      0      0      0      0]
 [  3885      0      0      0      0      0      0      0      0      0]
 [  1996      0      0      0      0      0      0      0      0      0]
 [     0   1424      0      0      0      0      0      0      0      0]
 [     0    230      0      0      0      0      0      0      0      0]
 [    12      0      0      0      0      0      0      0      0      0]
 [     3      0      0      0      0      0      0      0      0      0]]
F1 score: 0.8880993103207668
Accuracy: 0.923521
25_train_qc
Train time: 72.11731433868408
[[12493     0     0     0     0     0     0     0     0     0]
 [    0 10599     0     0     0     0     0     0     0     0]
 [    0  1206     0     0     0     0     0     0     0     0]
 [    0   513     0     0     0     0     0     0     0     0]
 [   93     0     0     0     0     0     0     0     0     0]
 [   54     0     0     0     0     0     0     0     0     0]
 [    0    36     0     0     0     0     0     0     0     0]
 [    0     6     0     0     0     0     0     0     0     0]
 [    5     0     0     0     0     0     0     0     0     0]
 [    5     0     0     0     0     0     0     0     0     0]]
F1 score: 0.8876859752291361
Accuracy: 0.9233106757297082
25_test_qc
Train time: 72.11731433868408
[[501164     45      0      0      0      0      0      0      0      0]
 [   123 422375      0      0      0      0      0      0      0      0]
 [     0  47622      0      0      0      0      0      0      0      0]
 [     8  21113      0      0      0      0      0      0      0      0]
 [  3877      8      0      0      0      0      0      0      0      0]
 [  1996      0      0      0      0      0      0      0      0      0]
 [     0   1424      0      0      0      0      0      0      0      0]
 [     0    230      0      0      0      0      0      0      0      0]
 [    12      0      0      0      0      0      0      0      0      0]
 [     3      0      0      0      0      0      0      0      0      0]]
F1 score: 0.8881210376036156
Accuracy: 0.923539
